9876543219812;Shubham;12000.0;8101;PK00COMSATS0252081375206;9513 1139 4526 4818
1212121212121;Sagar;13000.0;3640;PK00COMSATS0419177819667;8663 8551 1388 6055
9090909090909;Ali Ahmed;7000.0;7941;PK00COMSATS0729364413129;2134 4169 4887 9459
1122334455667;Bilal Ansar;7000.0;8640;PK00COMSATS0830643362449;6729 2671 9695 1408
0987654321123;Ali Ahmed;2333.0;8900;PK00COMSATS0593357814374;2014 6479 8574 5575
1234567890987;Billll;2727.0;5786;PK00COMSATS0121332169709;1742 2532 5608 5868
0909090909090;Ptta;9.0;2617;PK00COMSATS0612931598678;7501 8058 6334 5720
8989898898989;Bilo;88888.0;8464;PK00COMSATS0864311979667;3320 3302 1143 4682
3537529384509;Bilal Anar;8901.0;4912;PK00COMSATS0968501458903;2461 9985 3779 9072
9999999999999;Shubham;7000.0;5695;PK00COMSATS0936257629179;6331 9659 3077 6491
8888888888888;Sagar;5000.0;3939;PK00COMSATS0864563451878;8605 4649 9940 2390
